              precision    recall  f1-score   support

    -1083075       0.00      0.00      0.00         1
    -1081039       0.00      0.00      0.00         0
     -990682       0.00      0.00      0.00         0
     -829000       0.00      0.00      0.00         1
     -671604       0.00      0.00      0.00         0
     -668424       0.00      0.00      0.00         0
     -667677       0.00      0.00      0.00         0
     -629249       0.00      0.00      0.00         0
     -605000       0.00      0.00      0.00         0
     -439117       0.00      0.00      0.00         0
     -414102       0.00      0.00      0.00         1
     -401983       0.00      0.00      0.00         1
     -328240       0.00      0.00      0.00         0
     -279849       0.00      0.00      0.00         1
      -30061       0.00      0.00      0.00         1
      -17268       0.00      0.00      0.00         0
       84236       0.00      0.00      0.00         0
      103943       0.00      0.00      0.00         1
      166000       0.00      0.00      0.00         1
      199905       0.00      0.00      0.00         1
      245327       0.00      0.00      0.00         1
      296971       0.00      0.00      0.00         1
      323793       0.00      0.00      0.00         1
      461947       0.00      0.00      0.00         1
      500549       0.00      0.00      0.00         1
      648752       0.00      0.00      0.00         0
      678874       0.00      0.00      0.00         0
     1394436       0.00      0.00      0.00         0
     1599595       0.00      0.00      0.00         1
     1661020       0.00      0.00      0.00         1
     1820920       0.00      0.00      0.00         1
     2000000       0.00      0.00      0.00         1
     2066225       0.00      0.00      0.00         0
     2162497       0.00      0.00      0.00         1
     2450275       0.00      0.00      0.00         1
     3015943       0.00      0.00      0.00         1
     3124130       0.00      0.00      0.00         1
     3161152       0.00      0.00      0.00         0
     3165061       0.00      0.00      0.00         0
     3279620       0.00      0.00      0.00         1
     3292353       0.00      0.00      0.00         1
     3444254       0.00      0.00      0.00         1
     3778922       0.00      0.00      0.00         1
     3936931       0.00      0.00      0.00         1
     4228953       0.00      0.00      0.00         1
     4305922       0.00      0.00      0.00         0
     4350815       0.00      0.00      0.00         1
     4628948       0.00      0.00      0.00         1
     5000000       0.00      0.00      0.00         0
     6080986       0.00      0.00      0.00         1
     6487452       0.00      0.00      0.00         1
     6990000       0.00      0.00      0.00         0
     7144595       0.00      0.00      0.00         1
     7640272       0.00      0.00      0.00         1
     7656940       0.00      0.00      0.00         0
     7900000       0.00      0.00      0.00         0
     8179814       0.00      0.00      0.00         1
     9598131       0.00      0.00      0.00         1
    10179986       0.00      0.00      0.00         1
    10306119       0.00      0.00      0.00         0
    11355734       0.00      0.00      0.00         0
    11688469       0.00      0.00      0.00         1
    11771272       0.00      0.00      0.00         0
    13197005       0.00      0.00      0.00         1
    13444999       0.00      0.00      0.00         0
    14500000       0.00      0.00      0.00         1
    16500000       0.00      0.00      0.00         1
    18395702       0.00      0.00      0.00         0
    20378361       0.00      0.00      0.00         1
    20550513       0.00      0.00      0.00         1
    29823833       0.00      0.00      0.00         0
    34000000       0.00      0.00      0.00         1
    42564410       0.00      0.00      0.00         0
    45718097       0.00      0.00      0.00         1
    50525171       0.00      0.00      0.00         1
    54350000       0.00      0.00      0.00         0
    54537954       0.00      0.00      0.00         0
    59204601       0.00      0.00      0.00         0
    61882090       0.00      0.00      0.00         1
    65938090       0.00      0.00      0.00         1
    69700000       0.00      0.00      0.00         1
    70015869       0.00      0.00      0.00         0
    70966306       0.00      0.00      0.00         1
   102711669       0.00      0.00      0.00         0
   247975000       0.00      0.00      0.00         0

   micro avg       0.00      0.00      0.00        50
   macro avg       0.00      0.00      0.00        50
weighted avg       0.00      0.00      0.00        50
